9789577453716 
9789577450654 
9789577453587 
9789577450937 
9789577452337 
9789579870177 
9789577451538 
9789577451545 
9789577450029 
9789577451071 
9789577451088 
9789577452115 
9789577452641 
9789577452122 
9789577453259 
9789577454096 
9789577452016 
9789577451262 
9789579991117 
9789579991100 
9789577451613 
9789577452078 
9789577451248 
9789577453464 
9789577451330 
9789577452764 
9789577452757 
9789577451521 
9789577452160 
9789577452320 
9789577451200 
9789577453822 
9789577452863 
9789577450920 
9789577452047 
9789577453358 
9789577450975 
9789577452559 
9789577450999 
9789577453228 
9789577454256 
9789577454058 
9789577454904 
9789577454355 
9789577454102 
9789577451095 
9789577451316 
9789577450982 
9789577451293 
9789577450968